Bscore,Gscore,dScore,Score1,Nobs,NormASA,dVol,dProp,B.fact,IdPmax,IdQmin,PDB_id1,PDB_id0,Transv1,Transv0,PfamHit1,PfamHit0,mtype
-2,102,2.391,-1.721,216,NA,NA,NA,NA,2.787,86.71,0,1,1,0,1,0,1
-1,112,3.045,-1.363,154,0.312,19,0.73,-1.13,1.46,68.12,1,0,1,0,1,0,1
-1,74,2.193,-1.239,94,NA,23,0.25,-0.74,NA,NA,1,0,0,1,1,0,1
1,23,2.495,-0.82,193,NA,NA,NA,NA,1.575,40.84,0,1,0,1,0,1,1
0,22,1.928,-1.096,206,NA,NA,NA,NA,4.76,69.53,0,1,0,1,1,0,1
-1,91,1.944,-1.541,121,NA,10,1.75,-0.46,NA,NA,1,0,1,0,1,0,1
-2,194,2.532,-1.471,121,0.01,85,0.25,-1.06,1.49,83.01,1,0,0,1,0,1,1
1,21,2.606,-1.201,119,NA,23,0.11,-0.41,NA,NA,1,0,0,1,1,0,1
-1,74,2.066,-1.783,168,NA,NA,NA,NA,2.268,78.03,0,1,0,1,1,0,1
0,21,1.742,-1.679,107,0.098,23,0.1,-0.84,5.098,93.12,1,0,1,0,1,0,1
-2,89,2.597,-0.965,310,NA,NA,NA,NA,0.964,32.04,0,1,0,1,1,0,1
-1,107,2.472,-1.015,308,NA,NA,NA,NA,2.038,50.6,0,1,1,0,1,0,1
-3,101,1.238,-1.237,251,0.321,54,1.67,0,23.334,46.99,1,0,0,1,1,0,1
1,46,1.745,-1.377,73,NA,NA,NA,NA,2.42,62.76,0,1,0,1,1,0,1
-2,142,1.525,-1.864,3,NA,NA,NA,NA,NA,NA,0,1,1,0,0,1,1
-2,98,1.268,-1.693,3,NA,NA,NA,NA,NA,NA,0,1,0,1,0,1,1
-3,101,1.985,-1.776,5,0.103,-54,1.67,-1.13,NA,NA,1,0,1,0,1,0,1
-3,98,2.037,-1.236,156,NA,NA,NA,NA,5.514,84.42,0,1,0,1,1,0,1
-1,91,1.944,-1.541,222,NA,NA,NA,NA,NA,NA,0,1,1,0,0,1,1
-2,194,2.682,-1.351,93,NA,NA,NA,NA,1.262,68.18,0,1,0,1,1,0,1
-2,155,1.97,-1.866,104,NA,101,0.85,-0.27,2.948,91.01,1,0,0,1,1,0,1
0,21,2.175,-1.035,306,NA,NA,NA,NA,NA,NA,0,1,1,0,1,0,1
-2,155,2.523,-1.074,211,NA,-101,0.85,-1.07,1.512,61.59,1,0,0,1,1,0,1
-2,125,2.625,-1.165,107,NA,NA,NA,NA,3.334,76.09,0,1,0,1,1,0,1
-3,101,4.229,-1.002,186,NA,NA,NA,NA,NA,NA,0,1,0,1,0,1,1
0,29,3.216,-0.953,193,NA,NA,NA,NA,NA,NA,0,1,0,1,1,0,1
-1,81,3.108,-1.149,120,NA,47,0.77,-1.3,NA,NA,1,0,0,1,1,0,1
0,22,1.444,-1.241,99,NA,-23,0.03,-0.74,NA,NA,1,0,1,0,1,0,1
1,21,2.746,-1.247,125,NA,NA,NA,NA,1.397,77.3,0,1,0,1,1,0,1
-1,50,1.698,-1.441,110,0.018,-50,0.14,-0.23,6.385,69,1,0,1,0,1,0,1
0,21,2.532,-1.056,214,NA,NA,NA,NA,1.639,29.93,0,1,1,0,1,0,1
0,56,1.975,-0.921,123,NA,NA,NA,NA,NA,NA,0,1,0,1,1,0,1
-2,194,2.873,-1.066,197,0.21,85,0.25,0,4.03,59.16,1,0,0,1,1,0,1
1,23,2.049,-1.067,250,0.338,-3,0.14,0.68,3.585,87.38,1,0,0,1,1,0,1
-1,112,1.709,-1.412,83,0.257,-19,0.73,0,NA,NA,1,0,1,0,1,0,1
-1,74,1.839,-1.795,129,NA,NA,NA,NA,1.355,48.04,0,1,0,1,1,0,1
0,22,1.517,-1.449,287,NA,NA,NA,NA,1.711,26.39,0,1,0,1,1,0,1
-2,155,0.908,-1.305,287,0.183,-101,0.85,-0.53,6.033,27.43,1,0,0,1,1,0,1
-3,180,3.583,-1.281,179,NA,NA,NA,NA,NA,NA,0,1,0,1,1,0,1
-2,126,2.135,-0.985,108,NA,NA,NA,NA,NA,NA,0,1,1,0,1,0,1
-3,180,3.627,-1.331,126,0.077,-65,1.66,-0.99,0.888,85.58,1,0,0,1,1,0,1
-3,149,2.547,-1.416,676,NA,NA,NA,NA,1.154,83.4,0,1,1,0,1,0,1
1,46,1.551,-1.162,126,NA,NA,NA,NA,NA,NA,0,1,0,1,1,0,1
-2,89,1.103,-1.96,181,0.511,51,0.7,-0.34,12.522,82.77,1,0,0,1,1,0,1
-3,180,1.38,-1.192,189,NA,NA,NA,NA,24.905,51.53,0,1,0,1,1,0,1
-2,215,3.441,-1.198,113,0.01,-119,0.01,-0.94,NA,NA,1,0,1,0,1,0,1
0,29,1.248,-1.236,255,NA,NA,NA,NA,10.563,42.28,0,1,0,1,1,0,1
-2,113,1.272,-2.02,22,NA,NA,NA,NA,3.009,72.89,0,1,1,0,0,1,1
-3,98,0.262,-1.783,27,NA,NA,NA,NA,28.163,56.92,0,1,0,1,0,1,1
-3,121,2.392,-1.18,286,NA,NA,NA,NA,1.905,55.96,0,1,1,0,1,0,1
-3,109,2.299,-1.205,157,NA,NA,NA,NA,1.69,82.86,0,1,0,1,0,1,1
-2,194,1.989,-1.35,356,NA,NA,NA,NA,14.059,41.05,0,1,0,1,1,0,1
1,23,1.819,-1.139,66,0.024,3,0.14,-1.1,NA,NA,1,0,0,1,1,0,1
-3,101,3.196,-0.901,171,0.497,-54,1.67,0,NA,NA,1,0,1,0,1,0,1
-1,81,3.108,-1.149,120,NA,47,0.77,-0.73,NA,NA,1,0,0,1,1,0,1
-2,80,2.122,-1.008,11,NA,NA,NA,NA,NA,NA,0,1,0,1,0,1,1
-1,110,1.799,-1.902,116,0.528,84,0.93,0.64,2.711,93.71,1,0,1,0,1,0,1
-1,95,1.092,-2.672,193,0.268,5,2.89,-1.18,4.41,87.54,1,0,1,0,1,0,1
-1,58,2.381,-0.867,192,NA,28,0.22,-0.77,1.459,49.48,1,0,0,1,1,0,1
-3,101,2.252,-1.912,185,0.349,-54,1.67,0.41,2.408,56.75,1,0,0,1,0,1,1
-1,94,2.477,-0.809,233,NA,NA,NA,NA,NA,NA,0,1,0,1,0,1,1
-2,21,1.328,-1.523,258,NA,NA,NA,NA,3.109,75.44,0,1,0,1,0,1,1
-3,98,2.89,-1.127,63,NA,NA,NA,NA,1.177,72.05,0,1,0,1,1,0,1
-3,180,3.057,-1.01,326,0.019,65,1.66,-0.36,NA,NA,1,0,0,1,0,1,1
-2,102,1.696,-1.398,99,NA,NA,NA,NA,NA,NA,0,1,1,0,0,1,1
-2,155,1.995,-1.351,48,NA,NA,NA,NA,NA,NA,0,1,0,1,1,0,1
-1,94,1.965,-0.985,123,NA,NA,NA,NA,NA,NA,0,1,0,1,1,0,1
-3,180,2.774,-1.359,234,0.4,65,1.66,1.02,1.124,47.33,1,0,0,1,0,1,1
1,43,2.533,-0.894,343,0.402,-29,0.56,0.15,NA,NA,1,0,0,1,1,0,1
-3,180,2.481,-1.412,114,0.01,65,1.66,-0.78,NA,NA,1,0,0,1,1,0,1
-2,125,3.146,-0.938,380,NA,NA,NA,NA,1.727,86.74,0,1,1,0,1,0,1
2,83,1.22,-1.275,185,NA,NA,NA,NA,10.958,30.95,0,1,0,1,1,0,1
-1,94,1.311,-1.497,110,0.143,-79,0.48,-0.45,5.971,85.92,1,0,1,0,0,1,1
2,83,2.234,-1.282,114,0.249,-40,0.38,-0.76,NA,NA,1,0,0,1,1,0,1
-1,103,2.199,-1.035,109,NA,NA,NA,NA,NA,NA,0,1,0,1,1,0,1
0,21,1.917,-1.436,111,NA,NA,NA,NA,NA,NA,0,1,1,0,1,0,1
-3,109,2.724,-0.835,169,NA,NA,NA,NA,5.368,78.61,0,1,1,0,1,0,1
-1,27,2.391,-1.321,151,0.126,24,0.52,-1.04,1.584,92.78,1,0,1,0,1,0,1
0,29,1.275,-1.705,385,0.654,-20,1.03,0.99,14.601,81.64,1,0,0,1,1,0,1
-2,102,0.93,-1.292,76,NA,NA,NA,NA,27.42,79.7,0,1,1,0,1,0,1
-1,94,2.382,-1.156,418,NA,NA,NA,NA,0.795,27.21,0,1,0,1,1,0,1
-1,91,1.944,-1.541,121,0.038,10,1.75,-1.09,NA,NA,1,0,1,0,1,0,1
-1,74,2.316,-1.277,173,NA,NA,NA,NA,2.436,83.82,0,1,0,1,1,0,1
0,94,2.46,-1.173,367,0.355,-54,1.73,0.37,2.751,71.75,1,0,1,0,1,0,1
-3,180,1.855,-1.249,199,0.299,-65,1.66,-0.99,34.018,81.8,1,0,0,1,1,0,1
-2,98,1.839,-1.255,185,NA,NA,NA,NA,NA,NA,0,1,0,1,1,0,1
-1,58,1.986,-1.131,141,NA,NA,NA,NA,3.919,78.51,0,1,0,1,1,0,1
-2,121,2.04,-1.703,598,NA,NA,NA,NA,1.154,28.65,0,1,1,0,1,0,1
-1,74,1.701,-2.087,157,0.424,23,0.25,1.09,1.584,92.75,1,0,0,1,1,0,1
-1,74,2.365,-1.324,203,NA,NA,NA,NA,1.963,87.02,0,1,0,1,1,0,1
-2,205,2.551,-1.293,193,NA,NA,NA,NA,NA,NA,0,1,1,0,1,0,1
0,94,1.134,-1.701,180,NA,NA,NA,NA,NA,NA,0,1,1,0,0,1,1
-2,125,3.026,-0.763,113,0.161,113,0.91,-0.71,NA,NA,1,0,0,1,1,0,1
-3,149,2.349,-1.501,58,NA,NA,NA,NA,1.808,81.61,0,1,1,0,1,0,1
-2,121,2.158,-1.726,263,NA,NA,NA,NA,1.75,72.2,0,1,1,0,1,0,1
-1,95,2.329,-1.476,294,NA,NA,NA,NA,4.641,85.63,0,1,1,0,1,0,1
-3,98,2.998,-1.193,217,NA,NA,NA,NA,1.378,84.36,0,1,0,1,1,0,1
-1,94,2.194,-0.848,308,NA,-51,0.46,-0.34,NA,NA,1,0,0,1,1,0,1
0,94,2.146,-1.031,203,NA,NA,NA,NA,2.856,52.69,0,1,1,0,1,0,1
1,68,-0.617,-2.936,178,NA,NA,NA,NA,28.417,92.86,0,1,1,0,0,1,1
2,83,2.142,-1.758,26,NA,NA,NA,NA,2.645,86.39,0,1,0,1,0,1,1
-2,61,1.579,-1.461,18,NA,NA,NA,NA,NA,NA,0,1,1,0,1,0,1
0,29,2.211,-1.251,175,NA,NA,NA,NA,2.224,77.49,0,1,0,1,0,1,1
-1,95,1.979,-1.699,136,NA,NA,NA,NA,1.15,43.65,0,1,1,0,0,1,1
-2,89,2.32,-1.143,418,NA,NA,NA,NA,2.849,61.77,0,1,0,1,0,1,1
0,21,2.347,-1.126,174,NA,NA,NA,NA,NA,NA,0,1,1,0,1,0,1
-2,194,1.776,-1.99,5,NA,NA,NA,NA,NA,NA,0,1,0,1,1,0,1
-3,149,2.67,-1.368,274,0.015,-53,1.09,-0.32,1.476,69.66,1,0,1,0,1,0,1
-1,94,1.933,-1.144,273,0.378,-51,0.46,0.92,3.222,53.24,1,0,1,0,1,0,1
-3,180,2.481,-1.412,37,NA,NA,NA,NA,NA,NA,0,1,0,1,1,0,1
-3,149,2.765,-1.297,233,NA,NA,NA,NA,0.606,36.79,0,1,1,0,1,0,1
-3,160,3.367,-0.895,227,NA,NA,NA,NA,NA,NA,0,1,1,0,1,0,1
-1,94,2.113,-0.895,227,NA,NA,NA,NA,NA,NA,0,1,0,1,1,0,1
-2,89,1.586,-1.582,118,NA,NA,NA,NA,4.265,85.44,0,1,0,1,0,1,1
0,29,1.222,-1.34,226,NA,NA,NA,NA,26.372,74.49,0,1,0,1,1,0,1
-2,121,2.381,-1.316,74,NA,-2,1.48,0,1.719,88.78,1,0,1,0,1,0,1
-1,95,1.829,-1.774,283,0.338,5,2.89,1.25,4.297,83.57,1,0,1,0,1,0,1
-1,95,1.383,-2.09,26,NA,NA,NA,NA,2.125,86.39,0,1,1,0,0,1,1
-1,95,2.329,-1.476,294,NA,NA,NA,NA,4.641,85.63,0,1,1,0,1,0,1
-2,143,2.001,-2.339,253,NA,NA,NA,NA,1.723,93.15,0,1,1,0,1,0,1
-1,58,1.71,-0.998,178,NA,NA,NA,NA,NA,NA,0,1,0,1,1,0,1
-3,180,2.642,-1.293,77,NA,NA,NA,NA,NA,NA,0,1,0,1,1,0,1
-1,94,2.903,-0.679,280,NA,NA,NA,NA,2.591,52.9,0,1,0,1,1,0,1
-2,194,3.861,-1.105,236,NA,NA,NA,NA,0.276,25.5,0,1,0,1,1,0,1
-3,98,2.325,-1.035,43,NA,NA,NA,NA,NA,NA,0,1,0,1,1,0,1
0,21,2.175,-1.035,299,NA,NA,NA,NA,NA,NA,0,1,1,0,0,1,1
0,22,2.061,-1.479,159,NA,23,0.03,-0.98,10.336,79.47,1,0,0,1,1,0,1
-2,102,2.31,-1.017,304,0.188,-6,1.75,-0.3,4.228,37.02,1,0,1,0,1,0,1
-2,125,1.991,-1.184,104,NA,NA,NA,NA,NA,NA,0,1,1,0,1,0,1
-2,89,1.721,-1.436,526,NA,NA,NA,NA,NA,NA,0,1,0,1,1,0,1
-2,121,0.972,-1.444,127,NA,NA,NA,NA,3.879,13.72,0,1,1,0,1,0,1
-3,138,1.915,-1.521,138,NA,NA,NA,NA,3.672,89.39,0,1,1,0,1,0,1
-2,143,2.791,-0.998,166,0.475,-79,0.82,-0.02,0.666,15.15,1,0,1,0,1,0,1
-3,102,1.844,-1.812,177,NA,NA,NA,NA,3.884,84.22,0,1,1,0,0,1,1
-2,102,2.662,-1.123,180,NA,NA,NA,NA,2.189,68.11,0,1,1,0,1,0,1
-1,110,2.565,-1.29,223,NA,NA,NA,NA,0.952,52.17,0,1,1,0,1,0,1
1,23,0.779,-1.427,336,0.207,3,0.14,0.09,25.978,82.02,1,0,0,1,0,1,1
-1,74,2.126,-1.553,164,NA,NA,NA,NA,1.175,80.31,0,1,0,1,1,0,1
-2,113,2.556,-1.639,238,NA,NA,NA,NA,2.241,75.7,0,1,1,0,1,0,1
1,23,0.843,-1.475,179,NA,NA,NA,NA,31.868,85.45,0,1,0,1,0,1,1
0,29,2.985,-1.101,268,NA,NA,NA,NA,NA,NA,0,1,0,1,1,0,1
-2,194,2.907,-1.111,189,NA,NA,NA,NA,NA,NA,0,1,0,1,1,0,1
1,56,1.749,-1.075,160,NA,NA,NA,NA,NA,NA,0,1,0,1,1,0,1
-1,95,1.023,-2.562,111,NA,NA,NA,NA,2.375,89.44,0,1,1,0,0,1,1
0,56,2.357,-0.759,289,NA,NA,NA,NA,5.441,64.59,0,1,0,1,1,0,1
-1,81,3.12,-1.374,102,NA,NA,NA,NA,0.98,65.48,0,1,0,1,1,0,1
-3,101,4.211,-1.046,257,NA,NA,NA,NA,0.21,31.6,0,1,0,1,1,0,1
-3,98,2.45,-1.424,81,0.62,-55,1.07,0.29,2.272,78.04,1,0,0,1,1,0,1
1,56,0.951,-1.502,144,NA,NA,NA,NA,19.375,80.73,0,1,0,1,1,0,1
-2,98,1.87,-1.328,375,NA,NA,NA,NA,0.614,14.3,0,1,0,1,0,1,1
-1,94,2.224,-1.127,150,NA,51,0.46,-0.6,6.406,70.78,1,0,0,1,1,0,1
-1,94,1.841,-1.318,33,NA,NA,NA,NA,2.291,64.2,0,1,0,1,0,1,1
-3,101,3.956,-1.184,483,NA,NA,NA,NA,NA,NA,0,1,0,1,0,1,1
0,22,2.395,-1.039,475,0.263,23,0.03,-0.26,NA,NA,1,0,0,1,1,0,1
-2,102,2.692,-1.215,146,NA,NA,NA,NA,1.429,65.9,0,1,1,0,1,0,1
0,56,2.077,-0.861,87,NA,NA,NA,NA,NA,NA,0,1,0,1,1,0,1
-3,152,2.556,-1.456,472,0.042,-29,1.19,-0.76,3.294,90.8,1,0,1,0,1,0,1
1,10,1.966,-1.275,197,NA,NA,NA,NA,1.629,42.68,0,1,0,1,1,0,1
3,22,1.396,-1.282,139,NA,NA,NA,NA,NA,NA,0,1,1,0,1,0,1
-1,58,2.194,-0.982,290,NA,28,0.22,-0.91,0.582,16.6,1,0,0,1,1,0,1
-2,103,2.078,-1.458,182,NA,NA,NA,NA,NA,NA,0,1,1,0,0,1,1
1,46,1.936,-1.113,357,0.144,-25,0.34,-0.34,3.909,74.76,1,0,0,1,1,0,1
0,24,3.087,-1.052,255,0.138,9,0.47,-0.02,NA,NA,1,0,1,0,0,1,1
1,46,1.745,-1.377,73,NA,NA,NA,NA,2.42,62.76,0,1,0,1,1,0,1
2,45,1.329,-1.862,72,NA,NA,NA,NA,3.037,82.34,0,1,1,0,1,0,1
1,23,2.398,-1.005,341,NA,NA,NA,NA,1.567,40.64,0,1,0,1,1,0,1
-3,98,2.204,-1.115,124,0.932,55,1.07,-0.28,NA,NA,1,0,0,1,0,1,1
0,78,2.085,-1.149,317,NA,NA,NA,NA,NA,NA,0,1,1,0,1,0,1
0,21,2.532,-1.056,214,NA,NA,NA,NA,1.639,29.93,0,1,1,0,1,0,1
-1,112,2.188,-1.073,280,NA,NA,NA,NA,NA,NA,0,1,1,0,0,1,1
-3,98,1.964,-1.349,356,NA,NA,NA,NA,2.664,56.84,0,1,0,1,1,0,1
-2,125,3.196,-0.676,387,0.437,113,0.91,0.25,NA,NA,1,0,1,0,1,0,1
-2,102,2.391,-1.721,216,NA,NA,NA,NA,2.787,86.71,0,1,1,0,1,0,1
1,68,1.39,-2.339,145,0.141,-39,0.44,-1.13,1.457,29.85,1,0,1,0,1,0,1
-3,180,3.627,-1.331,126,0.077,-65,1.66,-0.99,0.888,85.58,1,0,0,1,1,0,1
-1,94,2.262,-0.81,216,NA,NA,NA,NA,NA,NA,0,1,0,1,1,0,1
1,43,1.787,-1.398,89,NA,NA,NA,NA,NA,NA,0,1,0,1,1,0,1
2,45,1.306,-1.616,30,NA,NA,NA,NA,0.259,16.86,0,1,1,0,1,0,1
-3,98,2.439,-1.347,30,NA,NA,NA,NA,NA,NA,0,1,0,1,1,0,1
-3,109,2.4,-1.039,272,0.15,-80,0.73,-0.82,NA,NA,1,0,1,0,1,0,1
1,99,1.762,-1.172,385,NA,NA,NA,NA,2.171,86.21,0,1,1,0,1,0,1
-2,103,1.692,-1.942,281,NA,NA,NA,NA,2.553,94.13,0,1,1,0,1,0,1
-2,103,2.634,-1.101,269,NA,NA,NA,NA,NA,NA,0,1,1,0,1,0,1
-2,125,2.64,-1.063,51,0.437,113,0.91,-0.92,3.249,82.05,1,0,1,0,1,0,1
1,43,2.082,-1.184,177,NA,NA,NA,NA,NA,NA,0,1,0,1,1,0,1
-1,112,NA,-4.015,0,NA,NA,NA,NA,NA,NA,0,1,1,0,1,0,1
-2,98,2.548,-0.902,504,NA,-78,0.75,-1.06,2.87,78.52,1,0,0,1,1,0,1
-1,74,2.442,-1.068,164,NA,NA,NA,NA,NA,NA,0,1,0,1,0,1,1
1,23,2.155,-0.924,188,NA,NA,NA,NA,NA,NA,0,1,0,1,1,0,1
-1,94,2.065,-0.924,140,NA,NA,NA,NA,NA,NA,0,1,0,1,1,0,1
-1,94,1.853,-1.057,176,NA,NA,NA,NA,NA,NA,0,1,0,1,0,1,1
-3,149,2.587,-1.313,154,NA,-53,1.09,-0.51,NA,NA,1,0,1,0,1,0,1
0,40,1.335,-1.841,91,NA,NA,NA,NA,5.454,91.47,0,1,1,0,1,0,1
1,46,0.604,-1.716,91,NA,NA,NA,NA,18.832,87.03,0,1,0,1,1,0,1
0,56,0.328,-2.303,100,NA,NA,NA,NA,17.417,93.29,1,0,0,1,0,1,0
-1,110,1.444,-1.837,99,NA,NA,NA,NA,4.844,90.82,0,1,1,0,0,1,0
2,5,0.837,-1.259,93,NA,NA,NA,NA,16.402,78.9,0,1,0,1,0,1,0
3,29,-0.496,-1.815,102,NA,NA,NA,NA,18.639,68.64,0,1,1,0,0,1,0
-1,94,1.827,-1.57,80,NA,NA,NA,NA,7.108,87.37,0,1,0,1,0,1,0
-1,81,1.256,-1.654,145,0.094,47,0.77,3.75,13.598,83.95,0,1,0,1,1,0,0
-3,101,-0.915,-3.678,243,NA,NA,NA,NA,32.247,93.73,1,0,0,1,1,0,0
-2,145,-1.516,-3.637,159,NA,NA,NA,NA,20.613,93.73,0,1,0,1,0,1,0
0,56,-0.544,-2.052,165,NA,NA,NA,NA,45.371,88.99,0,1,0,1,0,1,0
-2,77,-0.47,-3.966,21,NA,NA,NA,NA,2.222,89.91,0,1,0,1,0,1,0
3,29,0.482,-1.782,5,NA,NA,NA,NA,NA,NA,0,1,0,1,0,1,0
-3,98,1.288,-2.074,279,NA,NA,NA,NA,4.678,89.07,0,1,1,0,0,1,0
1,46,-0.844,-2.642,294,NA,NA,NA,NA,20.337,92.48,0,1,0,1,1,0,0
-3,180,0.921,-2.95,132,NA,NA,NA,NA,3.771,79.67,0,1,0,1,0,1,0
-1,58,1.213,-2.213,269,NA,NA,NA,NA,6.28,76.46,0,1,0,1,1,0,0
1,29,-0.003,-1.715,253,NA,NA,NA,NA,25.32,94.82,0,1,0,1,1,0,0
-1,27,0.762,-2.094,7,NA,NA,NA,NA,9.53,87.23,0,1,0,1,0,1,0
0,29,-0.499,-2.225,123,NA,NA,NA,NA,29.883,90.34,0,1,0,1,0,1,0
2,83,2.137,-2.391,371,NA,NA,NA,NA,2.832,88.41,0,1,0,1,1,0,0
-3,152,-1.715,-3.621,125,NA,NA,NA,NA,35.906,90.51,0,1,1,0,0,1,0
0,29,0.081,-2.019,117,NA,NA,NA,NA,32.854,92.8,0,1,0,1,0,1,0
0,60,1.56,-1.063,177,NA,NA,NA,NA,6.596,60.37,0,1,0,1,0,1,0
-2,126,0.787,-1.728,50,NA,NA,NA,NA,32.927,87.75,0,1,0,1,0,1,0
1,46,-0.228,-2.064,73,NA,NA,NA,NA,20.567,93.52,0,1,0,1,0,1,0
-2,64,0.933,-2.322,232,NA,NA,NA,NA,7.621,91.06,0,1,1,0,0,1,0
-3,109,-1.111,-2.464,193,NA,NA,NA,NA,47.396,92.96,0,1,0,1,0,1,0
-1,94,2.142,-1.008,9,NA,NA,NA,NA,NA,NA,0,1,0,1,1,0,0
-2,89,0.842,-2.475,60,NA,NA,NA,NA,14.579,89.5,0,1,1,0,0,1,0
-2,103,0.18,-2.832,257,NA,NA,NA,NA,18.519,90.98,0,1,0,1,0,1,0
-2,64,0.279,-1.805,205,NA,NA,NA,NA,26.222,90.52,0,1,0,1,0,1,0
-1,58,NA,-2.8,0,NA,NA,NA,NA,NA,NA,0,1,1,0,0,1,0
1,29,-0.088,-1.582,123,NA,NA,NA,NA,20.473,76.04,0,1,1,0,1,0,0
-3,98,-0.502,-2.441,171,NA,NA,NA,NA,46.373,93.73,0,1,0,1,0,1,0
-3,180,0.154,-2.479,206,NA,NA,NA,NA,35.379,86.6,0,1,0,1,0,1,0
1,46,-1.712,-3.167,32,NA,NA,NA,NA,17.401,79.12,0,1,0,1,1,0,0
-2,145,-0.269,-2.399,100,NA,NA,NA,NA,19.478,88.57,0,1,1,0,0,1,0
0,56,0.488,-1.65,119,NA,NA,NA,NA,20.292,92.27,0,1,0,1,0,1,0
2,26,0.47,-1.928,35,NA,NA,NA,NA,26.473,76.95,0,1,0,1,1,0,0
1,32,-0.939,-2.115,37,NA,NA,NA,NA,26.63,77.79,0,1,1,0,0,1,0
2,26,0.213,-1.402,344,NA,NA,NA,NA,28.476,82.77,0,1,1,0,1,0,0
-3,101,0.413,-1.552,153,NA,NA,NA,NA,31.574,91.77,0,1,0,1,0,1,0
3,22,-0.094,-1.442,198,NA,NA,NA,NA,29.854,94.06,0,1,0,1,0,1,0
-2,64,0.456,-2.205,192,NA,NA,NA,NA,23.498,88.28,0,1,0,1,0,1,0
-1,76,-0.939,-2.714,285,NA,NA,NA,NA,20.062,93.78,0,1,0,1,0,1,0
-2,21,-1.029,-2.794,182,NA,NA,NA,NA,23.208,86.2,0,1,0,1,0,1,0
-2,103,1.708,-2.343,291,NA,NA,NA,NA,4.156,91.46,0,1,0,1,0,1,0
1,46,-0.683,-2.259,329,NA,NA,NA,NA,20.392,92.72,0,1,0,1,1,0,0
-3,98,-0.553,-2.226,151,NA,NA,NA,NA,46.534,94.06,0,1,0,1,0,1,0
-2,64,-1.922,-2.869,364,NA,NA,NA,NA,24.213,89.93,0,1,0,1,1,0,0
-1,58,0.598,-1.72,155,NA,NA,NA,NA,22.506,82.25,0,1,0,1,0,1,0
-1,58,-0.322,-2.236,297,NA,NA,NA,NA,20.62,71.19,0,1,0,1,1,0,0
-2,89,2.188,-1.149,144,NA,NA,NA,NA,NA,NA,0,1,1,0,1,0,0
1,23,2.201,-1.252,194,NA,NA,NA,NA,1.112,31.66,0,1,0,1,0,1,0
-2,155,2.726,-1.324,137,NA,NA,NA,NA,1.845,80.78,0,1,0,1,1,0,0
-2,125,-0.59,-2.34,225,NA,NA,NA,NA,31.749,92.28,0,1,0,1,1,0,0
2,45,0.204,-1.859,26,NA,NA,NA,NA,31.574,79.59,0,1,0,1,0,1,0
-2,89,-0.182,-2.422,215,NA,NA,NA,NA,19.861,88.18,0,1,1,0,0,1,0
2,5,-1.295,-2.438,385,NA,NA,NA,NA,35.235,93.83,0,1,0,1,1,0,0
-2,145,0.547,-2.061,281,NA,NA,NA,NA,31.431,83.7,0,1,0,1,1,0,0
0,29,-0.027,-3.115,118,NA,NA,NA,NA,21.54,72.54,0,1,0,1,1,0,0
1,10,-1.136,-2.846,76,NA,NA,NA,NA,15.128,93.4,0,1,0,1,1,0,0
3,32,-0.76,-3.189,149,NA,NA,NA,NA,10.73,76.33,0,1,1,0,1,0,0
1,23,-1.841,-3.37,186,NA,NA,NA,NA,37.247,93.89,0,1,1,0,0,1,0
-1,74,-0.561,-2.313,227,NA,NA,NA,NA,20.435,92.92,0,1,0,1,1,0,0
1,43,-1.746,-3.66,164,0.586,29,0.56,1.19,31.922,92.79,0,1,0,1,1,0,0
2,26,0.149,-2.778,228,NA,NA,NA,NA,30.683,89.18,1,0,1,0,1,0,0
1,29,-0.763,-3.32,160,NA,NA,NA,NA,21.74,80.75,0,1,0,1,1,0,0
-1,81,-1.791,-4.759,269,NA,NA,NA,NA,21.791,93.56,0,1,0,1,0,1,0
-2,64,-0.57,-2.563,200,NA,NA,NA,NA,26.223,90.97,0,1,1,0,0,1,0
0,29,-0.942,-4.69,195,NA,NA,NA,NA,5.064,86.44,0,1,0,1,0,1,0
1,21,1.352,-3.068,3,NA,NA,NA,NA,1.819,91.67,0,1,0,1,0,1,0
-2,155,-1.962,-4.053,33,NA,NA,NA,NA,16.257,82.54,0,1,0,1,0,1,0
-2,21,-0.652,-2.827,172,0.548,-23,0.11,-0.32,21.137,79.82,0,1,0,1,1,0,0
1,23,0.974,-1.485,345,NA,NA,NA,NA,28.437,92.29,1,0,0,1,0,1,0
0,22,0.114,-2.31,255,NA,NA,NA,NA,27.966,74.47,0,1,0,1,1,0,0
2,29,0.919,-1.526,419,NA,NA,NA,NA,13.855,85.52,0,1,1,0,1,0,0
1,43,-0.115,-1.797,176,NA,NA,NA,NA,15.291,71.48,0,1,1,0,1,0,0
-3,98,-0.074,-2.527,127,NA,NA,NA,NA,22.793,66.74,0,1,1,0,1,0,0
-3,101,3.068,-2.068,154,NA,NA,NA,NA,0.619,93.24,0,1,0,1,1,0,0
-2,126,1.531,-1.804,12,NA,NA,NA,NA,3.524,65.43,0,1,0,1,0,1,0
-1,81,-2.941,-4.434,194,NA,NA,NA,NA,20.954,85.21,0,1,0,1,1,0,0
1,10,-0.019,-2.733,3,NA,NA,NA,NA,NA,NA,0,1,0,1,1,0,0
-2,194,-2.486,-3.898,18,NA,NA,NA,NA,43.657,90.33,0,1,1,0,1,0,0
-2,64,-0.782,-2.482,329,NA,NA,NA,NA,23.414,80.83,0,1,1,0,0,1,0
-2,125,2.327,-1.281,262,NA,NA,NA,NA,2.724,76.5,0,1,1,0,1,0,0
-1,81,-0.066,-2.502,148,NA,NA,NA,NA,20.465,83.22,0,1,0,1,1,0,0
-2,125,1.062,-1.264,153,NA,NA,NA,NA,26.1,63.89,0,1,0,1,0,1,0
1,56,0.299,-2.777,11,NA,NA,NA,NA,2.972,73.81,0,1,0,1,0,1,0
1,43,-0.597,-2.392,100,NA,NA,NA,NA,28.458,82.72,0,1,0,1,1,0,0
3,29,0.422,-1.358,193,NA,NA,NA,NA,13.29,48.95,0,1,0,1,0,1,0
-1,58,0.544,-2.588,4,NA,NA,NA,NA,3.798,91.1,0,1,0,1,0,1,0
2,5,0.267,-1.851,82,NA,NA,NA,NA,21.599,64.92,0,1,0,1,1,0,0
-2,142,1.405,-2.569,177,NA,NA,NA,NA,4.916,73.32,0,1,0,1,0,1,0
-1,27,-0.317,-3.123,150,NA,NA,NA,NA,15.066,60.05,0,1,0,1,1,0,0
2,45,0.495,-1.451,112,NA,NA,NA,NA,26.037,91.2,0,1,0,1,1,0,0
1,53,-1.218,-2.754,280,NA,NA,NA,NA,25.51,92.07,0,1,0,1,0,1,0
2,26,-0.463,-2.152,359,NA,NA,NA,NA,24.216,70.39,0,1,0,1,0,1,0
-2,21,-0.451,-2.872,327,NA,NA,NA,NA,24.816,92.17,0,1,0,1,0,1,0
1,46,-0.278,-2.244,394,NA,NA,NA,NA,28.479,89.92,0,1,0,1,1,0,0
-1,27,-1.926,-2.947,104,NA,NA,NA,NA,37.456,75.71,0,1,1,0,0,1,0
1,53,0.001,-2.437,276,NA,NA,NA,NA,19.628,91.75,0,1,1,0,1,0,0
1,46,0.544,-1.807,184,NA,NA,NA,NA,17.198,79.17,0,1,1,0,0,1,0
-1,94,NA,-2.511,0,NA,NA,NA,NA,NA,NA,0,1,0,1,0,1,0
0,24,-2.263,-4.479,150,NA,NA,NA,NA,19.989,93.44,0,1,0,1,0,1,0
-2,155,NA,-3.22,0,NA,NA,NA,NA,NA,NA,0,1,0,1,0,1,0
-1,81,2.139,-2.667,339,NA,NA,NA,NA,3.169,88.58,0,1,0,1,1,0,0
2,26,0.753,-1.366,113,NA,NA,NA,NA,24.398,71.14,0,1,1,0,0,1,0
-2,64,-1.106,-2.501,76,NA,NA,NA,NA,24.893,85.94,0,1,1,0,1,0,0
1,23,-0.636,-1.967,27,NA,NA,NA,NA,33.154,83.57,0,1,0,1,0,1,0
-1,58,-0.383,-2.01,12,NA,NA,NA,NA,25.216,87.05,0,1,0,1,0,1,0
1,99,0.638,-1.197,230,NA,NA,NA,NA,18.582,84.49,0,1,0,1,1,0,0
-1,58,1.794,-1.526,279,0.34,28,0.22,1.47,5.421,83.42,0,1,0,1,0,1,0
-1,91,2.488,-1.986,259,NA,NA,NA,NA,3.094,85.37,1,0,0,1,1,0,0
2,5,-0.741,-2.271,234,NA,NA,NA,NA,35.335,94.1,0,1,0,1,0,1,0
-1,27,-2.215,-3.39,12,NA,NA,NA,NA,21.089,72.81,0,1,0,1,1,0,0
0,78,-0.648,-2.308,72,NA,NA,NA,NA,25.594,92.37,0,1,0,1,1,0,0
-1,58,1.211,-1.602,4,NA,NA,NA,NA,7.235,88.09,0,1,1,0,0,1,0
-2,89,1.221,-1.019,143,NA,NA,NA,NA,21.972,80.92,0,1,1,0,1,0,0
-2,125,1.975,-0.788,316,NA,NA,NA,NA,21.031,61.13,0,1,0,1,1,0,0
-2,64,1.219,-1.657,159,NA,NA,NA,NA,19.27,71.58,0,1,0,1,1,0,0
-2,98,0.129,-2.463,67,NA,NA,NA,NA,31.54,89.31,0,1,0,1,0,1,0
-3,98,-1.344,-2.413,294,NA,NA,NA,NA,46.302,93.59,0,1,0,1,1,0,0
1,99,1.41,-1.337,15,NA,NA,NA,NA,7.863,85.13,0,1,0,1,0,1,0
0,29,0.875,-1.837,107,NA,NA,NA,NA,30.71,86.74,0,1,0,1,0,1,0
-1,27,-0.346,-3.038,173,NA,NA,NA,NA,16.39,82.56,0,1,0,1,1,0,0
1,99,-0.949,-2.321,326,NA,NA,NA,NA,26.955,93.06,0,1,0,1,0,1,0
-2,77,2.435,-1.73,2,NA,NA,NA,NA,1.82,75.72,0,1,1,0,0,1,0
-2,98,1.061,-2.115,200,NA,NA,NA,NA,7.456,81.34,0,1,0,1,0,1,0
-1,107,-1.776,-3.626,145,NA,NA,NA,NA,25.23,91.27,0,1,1,0,1,0,0
-2,205,-3.53,-4.679,106,NA,NA,NA,NA,35.59,92.33,0,1,1,0,1,0,0
1,10,0.008,-2.303,436,NA,NA,NA,NA,15.002,92.62,0,1,1,0,0,1,0
1,99,-0.78,-3.124,112,NA,NA,NA,NA,18.965,86.23,0,1,1,0,0,1,0
-2,64,1.128,-1.132,145,NA,NA,NA,NA,16.74,65.04,0,1,0,1,1,0,0
-3,98,2.37,-1.063,168,NA,NA,NA,NA,1.444,30.8,0,1,0,1,1,0,0
-3,98,2.244,-1.278,305,NA,NA,NA,NA,5.085,81.28,0,1,0,1,0,1,0
1,10,-0.038,-2.441,40,NA,NA,NA,NA,23.169,85.33,0,1,1,0,0,1,0
-2,145,-0.061,-2.521,234,NA,NA,NA,NA,32.539,86.65,0,1,1,0,1,0,0
-1,58,-0.085,-1.87,141,NA,NA,NA,NA,26.268,90.68,0,1,0,1,0,1,0
-2,113,0.596,-2.484,128,NA,NA,NA,NA,9.331,90.64,0,1,0,1,0,1,0
-3,180,1.348,-1.754,334,0.291,-65,1.66,0.43,40.103,82.98,0,1,0,1,0,1,0
-1,81,-0.45,-3.02,193,NA,NA,NA,NA,19.979,93.04,1,0,1,0,0,1,0
-2,142,1.775,-2.04,85,NA,NA,NA,NA,1.936,86.94,0,1,0,1,0,1,0
-2,155,-2.738,-3.884,161,NA,NA,NA,NA,20.242,92.04,0,1,0,1,1,0,0
-2,64,-1.103,-3.096,16,NA,NA,NA,NA,22.383,77.27,0,1,0,1,0,1,0
1,43,-0.781,-2.314,146,NA,NA,NA,NA,30.733,89.33,0,1,0,1,1,0,0
-2,205,1.272,-1.849,245,NA,NA,NA,NA,22.977,85.77,0,1,0,1,1,0,0
1,23,-0.64,-2.214,91,NA,NA,NA,NA,33.313,83.97,0,1,0,1,1,0,0
2,5,-0.191,-2.115,26,NA,NA,NA,NA,30.962,86.78,0,1,0,1,1,0,0
0,29,0.676,-1.83,179,NA,NA,NA,NA,29.614,86.67,0,1,0,1,0,1,0
0,21,1.164,-1.594,146,NA,NA,NA,NA,28.15,74.24,0,1,0,1,0,1,0
2,83,1.317,-1.627,5,NA,NA,NA,NA,NA,NA,0,1,1,0,0,1,0
2,26,0.564,-1.836,119,0.335,5,1.14,0,27.47,91.47,0,1,0,1,1,0,0
2,5,0.647,-1.502,87,NA,NA,NA,NA,18.147,66.83,1,0,0,1,1,0,0
1,29,0.179,-1.807,193,NA,NA,NA,NA,24.585,91.32,0,1,1,0,0,1,0
1,21,1.031,-2.218,189,NA,NA,NA,NA,7.958,94.08,0,1,1,0,1,0,0
-3,98,1.593,-1.68,16,NA,NA,NA,NA,5.004,84.05,0,1,1,0,0,1,0
2,26,-1.531,-2.761,196,NA,NA,NA,NA,32.026,93.09,0,1,1,0,1,0,0
1,58,0.226,-2.029,108,NA,NA,NA,NA,14.469,68.42,0,1,1,0,0,1,0
0,29,1.538,-1.627,26,NA,NA,NA,NA,NA,NA,0,1,0,1,0,1,0
-3,159,4.126,-0.854,100,NA,NA,NA,NA,1.059,52.07,0,1,0,1,1,0,0
-2,21,-2.766,-3.99,58,NA,NA,NA,NA,19.681,73.1,0,1,0,1,0,1,0
2,26,0.114,-1.965,150,NA,NA,NA,NA,32.35,94.03,0,1,0,1,0,1,0
-3,180,-1.562,-3.112,166,NA,NA,NA,NA,28.807,83.73,0,1,0,1,1,0,0
2,29,-0.775,-2.577,211,NA,NA,NA,NA,27.776,93.5,0,1,1,0,1,0,0
-2,205,-2.357,-4.749,99,NA,NA,NA,NA,34.802,90.29,0,1,0,1,0,1,0
-2,89,-1.654,-3.37,49,NA,NA,NA,NA,20.496,75.48,0,1,1,0,1,0,0
-1,81,-1.338,-3.151,263,NA,NA,NA,NA,22.966,93.39,0,1,1,0,1,0,0
-1,76,0.728,-1.804,202,NA,NA,NA,NA,33.308,69.3,0,1,1,0,0,1,0
-3,98,1.811,-0.945,619,NA,NA,NA,NA,24.106,69.68,0,1,0,1,1,0,0
-1,74,1.831,-1.236,23,NA,NA,NA,NA,NA,NA,0,1,1,0,0,1,0
0,21,-1.45,-3.616,37,NA,NA,NA,NA,29.911,77.6,0,1,1,0,0,1,0
0,22,0.896,-1.998,181,NA,NA,NA,NA,35.992,93.38,0,1,1,0,0,1,0
1,58,-1.499,-2.994,212,NA,NA,NA,NA,17.301,78.67,0,1,1,0,0,1,0
-3,180,1.154,-2.965,264,NA,NA,NA,NA,2.115,86.62,0,1,0,1,0,1,0
1,68,0.745,-3.179,241,NA,NA,NA,NA,5.8,83.6,0,1,0,1,0,1,0
-2,103,0.822,-1.939,430,NA,NA,NA,NA,26.378,91.42,0,1,0,1,0,1,0
-2,125,-1.136,-2.263,136,NA,NA,NA,NA,45.887,90,0,1,0,1,1,0,0
1,56,-1.136,-2.896,297,NA,NA,NA,NA,27.849,93.75,0,1,0,1,0,1,0
0,22,0.85,-2.002,123,NA,NA,NA,NA,15.104,86.52,0,1,0,1,1,0,0
1,43,2.226,-1.293,159,NA,NA,NA,NA,1.188,64.38,0,1,0,1,0,1,0
-3,98,-2.293,-3.515,241,NA,NA,NA,NA,35.792,72.35,0,1,1,0,0,1,0
0,29,-3.017,-4.186,92,NA,NA,NA,NA,32.38,94.12,0,1,0,1,1,0,0
-1,58,-0.797,-2.897,24,NA,NA,NA,NA,20.575,83.67,0,1,0,1,0,1,0
