Bscore,Gscore,dScore,Score1,Nobs,NormASA,dVol,dProp,B.fact,IdPmax,IdQmin,PDB_id1,PDB_id0,Transv1,Transv0,PfamHit1,PfamHit0,mtype
-1,76,2.498,-1.3,180,NA,NA,NA,NA,1.405,68.47,0,1,1,0,1,0,1
-3,180,1.382,-1.299,351,0.252,-65,1.66,0.52,30.911,73.35,1,0,0,1,1,0,1
0,29,3.031,-1.299,351,0.252,-20,1.03,0.52,0.948,73.35,1,0,0,1,1,0,1
-1,110,1.999,-1.299,351,0.252,-84,0.93,0.52,3.793,73.35,1,0,1,0,1,0,1
-2,102,2.029,-1.299,351,0.252,-6,1.75,0.52,4.063,73.35,1,0,1,0,1,0,1
0,24,2.913,-1.426,351,0.204,9,0.47,0.52,1.763,79.95,1,0,1,0,1,0,1
1,43,1.024,-1.426,351,0.204,29,0.56,0.52,25.235,79.95,1,0,0,1,1,0,1
-3,98,2.898,-1.076,351,0.657,-55,1.07,0.72,1.166,63.96,1,0,0,1,1,0,1
-3,101,3.678,-1.415,132,NA,NA,NA,NA,0.564,85.03,0,1,1,0,0,1,1
-1,74,2.294,-1.416,180,NA,NA,NA,NA,2.24,78.84,0,1,0,1,1,0,1
-2,194,2.646,-1.293,78,0.914,85,0.25,-0.72,NA,NA,1,0,0,1,1,0,1
-1,71,2.104,-1.415,86,0.165,57,0.98,-0.9,2.908,91.95,1,0,1,0,1,0,1
-1,71,2.104,-1.415,144,0.165,57,0.98,-0.9,2.827,89.39,1,0,1,0,1,0,1
0,94,1.178,-1.783,245,0.719,54,1.73,-0.15,16.53,59.66,1,0,1,0,1,0,1
-3,98,2.988,-0.972,118,NA,NA,NA,NA,NA,NA,0,1,0,1,1,0,1
1,10,1.463,-1.719,139,0.038,4,0.07,-0.99,8.926,79.02,1,0,0,1,1,0,1
0,29,3.433,-0.825,233,NA,NA,NA,NA,NA,NA,0,1,0,1,1,0,1
1,29,0.686,-1.418,228,NA,NA,NA,NA,23.365,86.79,0,1,0,1,0,1,1
0,29,-0.536,-2.942,217,NA,NA,NA,NA,31.423,88.76,0,1,0,1,0,1,1
1,56,1.858,-1.005,126,NA,NA,NA,NA,NA,NA,0,1,0,1,0,1,1
-2,125,0.529,-1.794,74,NA,NA,NA,NA,31.643,91.97,0,1,1,0,0,1,1
-2,126,1.896,-1.483,123,NA,NA,NA,NA,8.325,91.97,0,1,1,0,1,0,1
1,58,-0.253,-2.124,123,NA,NA,NA,NA,19.216,91.97,0,1,1,0,1,0,1
1,10,1.253,-1.943,125,NA,NA,NA,NA,9.806,86.93,0,1,0,1,0,1,1
-2,125,1.063,-2.204,77,NA,NA,NA,NA,4.099,93.88,0,1,1,0,1,0,1
0,29,1.699,-1.785,238,0.333,-20,1.03,0.17,14.847,54.99,1,0,0,1,1,0,1
-1,112,2.285,-1.01,142,NA,-19,0.73,0.22,NA,NA,1,0,1,0,0,1,1
-2,103,1.891,-2.034,229,NA,NA,NA,NA,2.234,82.36,0,1,1,0,1,0,1
-2,103,1.99,-1.906,221,NA,NA,NA,NA,2.233,82.35,0,1,1,0,1,0,1
0,94,2.059,-1.166,121,NA,NA,NA,NA,NA,NA,0,1,1,0,1,0,1
-2,125,2.996,-0.922,306,NA,NA,NA,NA,4.415,93.28,0,1,0,1,1,0,1
1,56,0.529,-2.027,471,0.636,30,1.3,1.22,21.874,78.95,1,0,0,1,1,0,1
1,58,1.264,-1.743,396,0.317,-27,0.05,-0.67,14.903,86.84,1,0,1,0,1,0,1
-2,64,1.99,-1.223,226,NA,NA,NA,NA,1.993,65.05,0,1,0,1,1,0,1
-2,89,2.664,-0.899,268,NA,NA,NA,NA,5.594,80.49,0,1,0,1,1,0,1
-2,89,2.679,-0.926,272,NA,NA,NA,NA,5.661,81.85,0,1,0,1,1,0,1
0,56,1.834,-1.008,35,NA,NA,NA,NA,NA,NA,0,1,0,1,1,0,1
-2,102,1.458,-1.582,93,0.427,-6,1.75,-0.52,NA,NA,1,0,1,0,1,0,1
-1,58,0.955,-1.312,337,0.058,28,0.22,-0.87,20.858,84.82,1,0,0,1,1,0,1
-2,98,2.833,-0.84,188,NA,NA,NA,NA,1.045,67.26,0,1,0,1,1,0,1
-2,205,2.586,-1.351,92,NA,NA,NA,NA,0.851,37.27,0,1,1,0,1,0,1
-2,205,2.966,-1.01,212,NA,NA,NA,NA,NA,NA,0,1,1,0,1,0,1
1,46,0.451,-1.985,405,0.056,-25,0.34,-0.8,19.733,89.73,1,0,0,1,1,0,1
1,46,0.346,-1.854,185,0.056,-25,0.34,-0.8,19.741,89.76,1,0,0,1,1,0,1
0,56,1.179,-1.168,259,NA,NA,NA,NA,16.484,88.63,0,1,0,1,0,1,1
1,56,1.997,-0.919,271,0.61,30,1.3,1.03,NA,NA,1,0,0,1,1,0,1
-2,125,2.849,-0.861,59,NA,NA,NA,NA,NA,NA,0,1,0,1,0,1,1
-2,121,2.222,-1.417,400,0.025,-2,1.48,1.27,3.597,89.36,1,0,1,0,1,0,1
1,10,1.919,-1.354,237,NA,NA,NA,NA,0.801,30.81,0,1,1,0,1,0,1
-2,89,2.144,-1.649,215,NA,NA,NA,NA,3.462,92.93,0,1,0,1,1,0,1
-1,112,2.238,-1.127,141,NA,-19,0.73,-0.52,2.05,83.51,1,0,1,0,1,0,1
-2,98,0.77,-1.729,147,0.126,78,0.75,0.73,23.169,92.81,1,0,0,1,1,0,1
1,10,1.738,-1.405,146,NA,NA,NA,NA,0.801,30.81,0,1,1,0,1,0,1
-2,98,2.156,-1.132,149,0.034,78,0.75,-0.36,7.544,82.3,1,0,0,1,1,0,1
-3,101,3.422,-1.582,46,0.081,54,1.67,-0.71,NA,NA,1,0,0,1,1,0,1
-2,144,2.496,-0.99,195,NA,-104,0.48,-1.35,NA,NA,1,0,1,0,1,0,1
1,21,2.247,-1.465,176,0.233,23,0.11,-0.61,NA,NA,1,0,0,1,1,0,1
0,29,3.267,-0.922,344,0.009,-20,1.03,-1.2,NA,NA,1,0,0,1,1,0,1
-3,98,2.632,-1.208,93,NA,NA,NA,NA,NA,NA,0,1,0,1,0,1,1
-1,58,0.846,-1.559,119,NA,NA,NA,NA,14.817,88.37,0,1,0,1,0,1,1
-3,98,2.923,-1.051,208,NA,NA,NA,NA,1.062,62.2,0,1,0,1,1,0,1
-1,50,2.7,-1.046,296,NA,NA,NA,NA,3.429,62.63,0,1,1,0,1,0,1
-1,198,1.951,-1.128,296,NA,NA,NA,NA,5.775,84.36,0,1,1,0,1,0,1
-3,101,3.813,-1.32,131,NA,NA,NA,NA,0.415,71.65,0,1,0,1,0,1,1
0,60,NA,-2.511,0,NA,NA,NA,0,NA,NA,1,0,1,0,0,1,1
0,21,2.189,-1.162,203,NA,NA,NA,NA,1.321,59.59,0,1,1,0,1,0,1
-3,101,2.592,-1.301,22,NA,NA,NA,NA,NA,NA,0,1,0,1,1,0,1
1,56,0.697,-1.183,274,NA,NA,NA,NA,1.235,4.46,0,1,0,1,0,1,1
0,56,1.456,-1.034,213,0.011,29,0.02,-0.9,9.137,47.34,1,0,0,1,1,0,1
0,60,NA,-2.511,0,NA,NA,NA,0,NA,NA,1,0,1,0,0,1,1
-3,101,2.978,-1.036,114,NA,NA,NA,NA,NA,NA,0,1,0,1,1,0,1
1,56,1.395,-1.295,290,NA,NA,NA,NA,1.748,17.81,0,1,0,1,0,1,1
1,56,0.86,-1.44,150,NA,NA,NA,NA,2.06,22.79,0,1,0,1,0,1,1
-2,194,2.646,-1.293,37,NA,NA,NA,NA,NA,NA,0,1,0,1,1,0,1
1,23,2.164,-1.015,124,NA,NA,NA,NA,1.935,47.57,0,1,0,1,1,0,1
1,23,2.449,-0.896,334,NA,NA,NA,NA,1.749,51.05,0,1,0,1,1,0,1
1,23,2.164,-1.015,124,NA,NA,NA,NA,1.935,47.57,0,1,0,1,1,0,1
-2,64,1.362,-1.462,175,0.008,-52,0.44,-0.76,4.318,91.99,1,0,0,1,1,0,1
0,56,2.077,-0.861,174,NA,29,0.02,0.1,NA,NA,1,0,0,1,1,0,1
0,29,2.812,-0.834,365,NA,NA,NA,NA,2.818,71.16,0,1,0,1,1,0,1
-2,103,1.795,-1.79,48,NA,NA,NA,NA,1.953,73.63,0,1,1,0,0,1,1
-2,103,1.795,-1.79,249,NA,NA,NA,NA,1.06,42.91,0,1,1,0,0,1,1
-2,103,1.795,-1.79,137,NA,NA,NA,NA,1.446,53.32,0,1,1,0,0,1,1
-2,103,1.985,-1.776,305,NA,NA,NA,NA,2.345,86.63,0,1,1,0,0,1,1
0,29,2.33,-1.582,7,0.449,-20,1.03,0.95,NA,NA,1,0,0,1,0,1,1
1,23,1.641,-1.264,7,0.049,3,0.14,-0.58,NA,NA,1,0,0,1,0,1,1
-2,77,2.487,-1.21,126,NA,NA,NA,NA,NA,NA,0,1,1,0,1,0,1
-2,77,2.182,-1.433,38,NA,NA,NA,NA,NA,NA,0,1,1,0,1,0,1
1,43,0.913,-1.691,253,NA,NA,NA,NA,17.449,85.28,0,1,0,1,0,1,1
-3,98,2.944,-0.682,293,NA,55,1.07,1.25,NA,NA,1,0,0,1,1,0,1
-3,98,2.944,-0.682,293,NA,55,1.07,1.25,NA,NA,1,0,0,1,1,0,1
-1,71,2.12,-1.287,136,NA,NA,NA,NA,2.583,64.14,0,1,1,0,1,0,1
-1,94,2.544,-0.829,167,NA,NA,NA,NA,4.172,85.17,0,1,0,1,1,0,1
-3,109,2.434,-1.288,146,NA,NA,NA,NA,3.283,83.45,0,1,1,0,0,1,1
-3,180,3.72,-1.184,157,NA,NA,NA,NA,NA,NA,0,1,0,1,1,0,1
-3,180,3.098,-1.859,281,NA,NA,NA,NA,0.235,12.9,0,1,0,1,0,1,1
1,21,2.679,-1.202,146,0.208,23,0.11,-0.64,2.829,56.76,1,0,0,1,1,0,1
1,21,2.606,-1.201,102,0.208,23,0.11,-0.64,NA,NA,1,0,0,1,1,0,1
-1,81,2.839,-1.573,151,NA,NA,NA,NA,2.914,91.91,0,1,0,1,1,0,1
0,94,1.504,-1.41,67,NA,NA,NA,NA,NA,NA,0,1,1,0,1,0,1
-1,76,1.637,-1.699,70,0.006,-32,0.12,-1.37,NA,NA,1,0,1,0,1,0,1
0,94,2.132,-0.975,159,0.062,54,1.73,-1.25,NA,NA,1,0,1,0,1,0,1
-1,91,1.733,-1.71,52,NA,NA,NA,NA,NA,NA,0,1,1,0,0,1,1
-1,58,NA,-2.456,0,NA,NA,NA,NA,NA,NA,0,1,0,1,1,0,0
2,45,NA,-2.818,0,NA,NA,NA,NA,NA,NA,0,1,1,0,0,1,0
-1,58,0.979,-1.193,298,NA,NA,NA,NA,26.84,92.66,0,1,0,1,1,0,0
1,46,0.22,-2.23,297,NA,NA,NA,NA,29.668,93.67,0,1,0,1,1,0,0
3,29,-0.046,-1.974,300,NA,NA,NA,NA,25.572,94.18,0,1,0,1,1,0,0
-2,142,-0.862,-2.487,266,NA,NA,NA,NA,20.696,94.11,0,1,1,0,0,1,0
0,56,0.01,-1.859,271,NA,NA,NA,NA,47.98,94.11,0,1,0,1,0,1,0
3,29,0.14,-1.825,102,0.267,27,0.04,-0.15,25.458,93.76,1,0,0,1,1,0,0
2,26,-0.122,-1.84,102,NA,NA,NA,NA,25.978,93.76,0,1,0,1,1,0,0
3,22,-0.013,-1.676,225,NA,NA,NA,NA,29.814,93.93,0,1,1,0,1,0,0
2,26,0.154,-2.027,261,0.462,5,1.14,0.1,31.563,91.74,1,0,0,1,0,1,0
-2,125,-0.686,-2.716,271,NA,NA,NA,NA,32.195,93.58,0,1,1,0,1,0,0
1,46,-0.843,-2.612,118,NA,NA,NA,NA,20.534,93.37,0,1,0,1,0,1,0
0,78,-0.328,-2.296,89,NA,NA,NA,NA,23.01,93.57,0,1,1,0,1,0,0
1,99,-0.361,-1.866,117,NA,NA,NA,NA,27.104,93.57,0,1,1,0,1,0,0
-1,58,0.586,-1.337,27,NA,NA,NA,NA,21.285,86.55,0,1,0,1,0,1,0
3,29,0.523,-2.314,275,0.658,27,0.04,0,25.073,92.77,1,0,0,1,1,0,0
2,45,-0.225,-2.128,234,0.701,-27,0.29,0,38.153,96.17,1,0,1,0,0,1,0
-2,89,-0.393,-2.346,132,NA,NA,NA,NA,25.378,93.46,0,1,0,1,0,1,0
0,22,0.49,-1.4,133,NA,NA,NA,NA,35.097,93.46,0,1,1,0,0,1,0
2,26,0.397,-2.261,380,NA,NA,NA,NA,31.349,91.12,0,1,0,1,1,0,0
1,29,-1.092,-2.396,13,NA,NA,NA,NA,22.844,84.85,0,1,0,1,1,0,0
2,45,-0.654,-1.867,96,NA,NA,NA,NA,37.526,94.59,0,1,1,0,0,1,0
0,56,-0.095,-2.364,61,0.736,29,0.02,1.18,20.802,94.59,1,0,0,1,1,0,0
2,45,0.017,-2.203,100,NA,NA,NA,NA,37.526,94.59,0,1,1,0,1,0,0
1,46,0.147,-2.005,648,0.662,-25,0.34,0,20.61,93.71,1,0,0,1,0,1,0
3,22,-0.246,-2.009,656,0.266,3,0.37,-0.53,29.835,94,1,0,1,0,1,0,0
0,29,-0.733,-3.021,96,NA,NA,NA,NA,31.284,93.44,0,1,0,1,0,1,0
-1,58,-0.102,-2.464,78,NA,NA,NA,NA,22.722,92.4,0,1,0,1,0,1,0
1,46,0.207,-1.746,70,NA,NA,NA,NA,20.321,93.44,0,1,0,1,0,1,0
-1,58,0.381,-1.583,118,NA,NA,NA,NA,22.178,90.19,0,1,0,1,0,1,0
1,32,0.143,-1.746,116,NA,NA,NA,NA,34.276,91.28,0,1,1,0,0,1,0
1,29,-0.134,-2.129,133,NA,NA,NA,NA,25.203,93.61,0,1,0,1,0,1,0
-2,125,0.579,-1.421,134,NA,NA,NA,NA,31.848,92.57,0,1,0,1,1,0,0
1,99,0.448,-2.073,302,0.272,1,0.27,-0.76,18.933,91.86,1,0,1,0,1,0,0
0,65,-0.369,-2.316,303,0.487,2,0.39,-0.01,22.913,93.18,1,0,1,0,1,0,0
-1,74,-0.085,-2.4,301,NA,NA,NA,NA,20.491,93.18,0,1,0,1,1,0,0
0,46,1.665,-1.743,39,NA,NA,NA,NA,1.695,63.64,0,1,1,0,1,0,0
-2,89,0.208,-1.959,44,NA,NA,NA,NA,25.088,93.54,0,1,0,1,1,0,0
-1,58,-0.587,-2.376,37,NA,NA,NA,NA,27.314,94.3,0,1,0,1,1,0,0
0,56,0.438,-1.826,123,NA,NA,NA,NA,20.537,93.38,0,1,0,1,0,1,0
-1,58,0.413,-1.985,132,NA,NA,NA,NA,22.964,93.38,0,1,0,1,1,0,0
-2,96,-1.243,-3.655,40,NA,NA,NA,NA,24.732,93.96,0,1,1,0,1,0,0
-1,68,0.764,-2.054,37,0.494,39,0.44,0.34,32.058,90.81,1,0,1,0,0,1,0
1,43,0.58,-2.232,176,NA,NA,NA,NA,32.237,93.7,0,1,0,1,1,0,0
1,43,0.445,-1.805,178,NA,NA,NA,NA,19.853,92.8,0,1,0,1,1,0,0
-2,113,1.155,-1.618,68,NA,NA,NA,NA,14.387,72.94,0,1,1,0,1,0,0
-1,58,1.219,-1.245,561,0.466,28,0.22,-1.14,22.847,93.62,1,0,0,1,0,1,0
-1,58,NA,-2.8,0,NA,NA,NA,NA,NA,NA,0,1,0,1,1,0,0
3,22,-0.406,-2.042,657,0.095,3,0.37,0,29.835,94,1,0,1,0,1,0,0
1,43,-0.182,-2.368,180,NA,NA,NA,NA,20.156,94.22,0,1,0,1,1,0,0
1,29,0.031,-1.54,38,NA,-27,0.04,-0.81,25.298,93.96,1,0,0,1,1,0,0
2,29,0.396,-1.594,39,0.642,6,0.4,0.97,19.933,93.18,1,0,0,1,1,0,0
1,53,0.078,-2.248,39,0.773,24,1.7,2.33,26.035,93.96,1,0,1,0,1,0,0
0,42,-1.242,-3.655,40,NA,NA,NA,NA,22.719,93.96,0,1,1,0,1,0,0
3,22,0.668,-1.728,40,0.077,-3,0.37,-0.92,34.094,93.18,1,0,1,0,0,1,0
1,10,0.584,-1.797,127,NA,NA,NA,NA,13.776,73.53,0,1,0,1,1,0,0
-1,58,-0.587,-2.376,37,NA,NA,NA,NA,27.314,94.3,0,1,0,1,1,0,0
0,21,0.087,-2.18,37,0.728,-23,0.1,0.26,22.3,92.4,1,0,1,0,1,0,0
-1,58,0.125,-1.888,38,0.505,28,0.22,-0.68,20.664,94.3,1,0,0,1,1,0,0
3,29,-0.166,-2.375,256,NA,NA,NA,NA,25.494,93.89,0,1,0,1,0,1,0
0,78,0.166,-2.289,240,0.604,52,2.12,-0.09,25.629,92.5,1,0,1,0,0,1,0
-1,107,-0.458,-2.001,137,NA,NA,NA,NA,27.924,94,0,1,1,0,0,1,0
-1,81,-0.561,-2.442,103,NA,NA,NA,NA,15.225,94,0,1,0,1,1,0,0
-1,76,0.089,-2.379,135,NA,NA,NA,NA,45.887,94,0,1,1,0,1,0,0
3,29,0.234,-2.1,158,NA,NA,NA,NA,25.542,94.07,0,1,0,1,0,1,0
-3,98,2.316,-1.614,73,NA,NA,NA,NA,1.535,89.91,0,1,0,1,0,1,0
1,23,-1.797,-3.103,80,NA,NA,NA,NA,37.419,94.32,0,1,0,1,0,1,0
2,15,-0.66,-2.369,45,NA,NA,NA,NA,34.516,91.92,0,1,1,0,1,0,0
1,99,-0.339,-1.948,44,NA,NA,NA,NA,25.919,89.48,0,1,1,0,1,0,0
1,21,0.417,-2.132,45,NA,NA,NA,NA,13.864,89.53,0,1,0,1,1,0,0
2,26,0.31,-1.609,44,NA,NA,NA,NA,31.623,91.92,0,1,0,1,1,0,0
0,60,-0.169,-1.804,190,0.069,28,0.29,0,27.652,95.46,1,0,1,0,1,0,0
-1,58,-0.138,-1.892,188,NA,NA,NA,NA,27.652,95.46,0,1,0,1,1,0,0
1,46,0.037,-1.96,190,NA,NA,NA,NA,30.235,95.46,0,1,0,1,1,0,0
1,29,NA,NA,NA,NA,NA,NA,NA,NA,NA,0,1,0,1,1,0,0
0,56,-1.062,-2.65,625,NA,NA,NA,NA,47.631,93.42,0,1,0,1,1,0,0
-2,142,0.229,-2.064,195,NA,NA,NA,NA,20.519,93.51,0,1,1,0,1,0,0
1,29,-0.137,-1.666,195,NA,-27,0.04,0.24,25.258,93.81,1,0,0,1,1,0,0
2,45,-0.07,-1.577,195,NA,NA,NA,NA,37.341,94.12,0,1,1,0,1,0,0
-1,58,NA,NA,NA,NA,NA,NA,NA,NA,NA,0,1,0,1,1,0,0
-1,94,NA,NA,NA,NA,NA,NA,NA,NA,NA,0,1,0,1,1,0,0
1,46,NA,NA,NA,NA,NA,NA,NA,NA,NA,0,1,0,1,1,0,0
1,43,NA,NA,NA,NA,NA,NA,NA,NA,NA,0,1,0,1,1,0,0
-1,27,NA,NA,NA,NA,NA,NA,NA,NA,NA,0,1,1,0,1,0,0
-1,58,-0.406,-2.221,21,NA,NA,NA,NA,27.145,93.71,0,1,0,1,1,0,0
2,15,0.257,-1.833,21,NA,NA,NA,NA,15.179,93.81,0,1,1,0,1,0,0
0,60,1.526,-1.008,21,0.655,28,0.29,0,NA,NA,1,0,1,0,1,0,0
1,32,-0.285,-1.848,67,NA,NA,NA,NA,35.262,93.9,0,1,1,0,1,0,0
-1,68,0.545,-1.737,68,NA,NA,NA,NA,33.025,93.39,0,1,1,0,1,0,0
3,29,0.344,-1.488,68,0.025,27,0.04,0,25.329,93.28,1,0,0,1,1,0,0
-2,113,0.032,-1.953,69,0.624,23,1.19,0,32.952,87.75,1,0,1,0,1,0,0
-1,58,-0.137,-2.184,202,NA,NA,NA,NA,27.263,94.12,0,1,0,1,1,0,0
1,29,0.998,-1.829,203,NA,-27,0.04,0,4.954,91.95,1,0,0,1,1,0,0
2,15,-0.527,-2.012,203,NA,NA,NA,NA,35.266,93.91,0,1,1,0,1,0,0
-2,69,0.191,-2.085,364,0.468,24,0.66,0,25.146,94.58,1,0,0,1,1,0,0
2,26,0.713,-1.423,364,0.629,5,1.14,0,32.293,93.86,1,0,0,1,0,1,0
2,83,0.382,-1.747,125,NA,NA,NA,NA,27.673,87.19,0,1,0,1,1,0,0
1,21,0.899,-1.546,129,NA,NA,NA,NA,14.998,92.6,0,1,0,1,1,0,0
2,15,-0.977,-2.538,129,NA,NA,NA,NA,35.04,93.31,0,1,1,0,1,0,0
2,29,-0.004,-1.761,72,0.707,-6,0.4,0.85,27.732,93.36,1,0,1,0,1,0,0
1,29,-0.286,-1.825,62,NA,-27,0.04,-0.57,25.402,94.35,1,0,0,1,1,0,0
1,58,-0.414,-2.451,175,NA,NA,NA,NA,20.726,94.24,0,1,1,0,0,1,0
0,22,0.277,-2.07,109,NA,NA,NA,NA,34.996,93.19,0,1,1,0,0,1,0
